210, ,210
210,A,211
210,a,211
211,T,212
211,t,212
212,A,213
212,a,213
213, ,1
213,(,1
210,B,215
210,b,215
215,E,216
215,e,216
216, ,2
216,10,2
215,I,217
215,i,217
217,O,218
217,o,218
218,K,219
218,k,219
219,A,220
219,a,220
220, ,3
3, ,3
215,O,221
215,o,221
221,E,222
221,e,222
222,L,223
222,l,223
223,E,224
223,e,224
224,W,225
224,w,225
225,A,226
225,a,226
226, ,4
226,[,4
215,O,221
215,o,221
221,T,227
221,t,227
227,K,228
227,k,228
228,O,229
228,o,229
229, ,5
229,(,5
210,C,231
210,c,231
231,H,232
231,h,232
232,I,233
232,i,233
233,R,234
233,r,234
234,R,235
234,r,235
235,I,236
235,i,236
236,P,237
236,p,237
237,O,238
237,o,238
238, ,6
238,:,6
232,o,518
232,O,518
518,g,519
518,G,519
519,l,520
519,L,520
520,e,521
520,E,521
521, ,31
210,D,240
210,d,240
240,A,241
240,a,241
241,B,242
241,b,242
242,A,243
242,a,243
243,W,244
243,w,244
244,A,245
244,a,245
245, ,7
241,L,246
241,l,246
246,E,247
246,e,247
247,I,248
247,i,248
248,K,249
248,k,249
249,A,250
249,a,250
250, ,8
250,(,8
241,L,246
241,l,246
246,I,251
246,i,251
251, ,9
240,I,252
240,i,252
252,T,253
252,t,253
253,S,254
253,s,254
254,O,255
254,o,255
255, ,10
240,O,256
240,o,256
246, ,11
256,W,257
256,w,257
257,A,258
257,a,258
258,L,259
258,l,259
259,O,260
259,o,260
260,W,261
260,w,261
261,A,262
261,a,262
262, ,12
210,E,264
210,e,264
264,G,265
264,g,265
265,L,266
265,l,266
266,A,267
266,a,267
267, ,13
264,N,268
264,n,268
268,A,269
268,a,269
269,:,14
264,W,270
264,w,270
270,A,271
270,a,271
271, ,15
210,I,273
210,i,273
273,A,274
273,a,274
274, ,16
273,S,275
273,s,275
275,H,276
275,h,276
276,T,277
276,t,277
277,O,278
277,o,278
278,W,279
278,w,279
279,A,280
279,a,280
280, ,60
210,J,282
210,j,282
282,A,283
282,a,283
283,K,284
283,k,284
284, ,18
283,R,285
283,r,285
285,J,286
285,j,286
286,A,287
286,a,287
287, ,19
282,E,288
282,e,288
288,K,289
288,k,289
289, ,20
210,K,291
210,k,291
291,A,292
291,a,292
292,I,293
292,i,293
293, ,21
292,L,294
292,l,294
294,A,295
294,a,295
295,B,296
295,b,296
296,E,297
296,e,297
297, ,22
292,N,298
292,n,298
298,E,299
298,e,299
299,B,300
299,b,300
300,O,301
300,o,301
301,L,302
301,l,302
302,O,303
302,o,303
303, ,23
292,R,304
292,r,304
304,O,305
304,o,305
305, ,24
291,E,306
291,e,306
306,R,307
306,r,307
307,B,308
307,b,308
308,E,309
308,e,309
309, ,25
291,I,310
291,i,310
310,E,328
310,e,328
328,e,26
310,T,311
310,t,311
311,E,312
311,e,312
312,L,313
312,l,313
313,E,314
313,e,314
314, ,27
291,O,315
291,o,315
315,L,316
315,l,316
316,I,317
316,i,317
317,W,318
317,w,318
318,A,319
318,a,319
319,:,28
315,S,320
315,s,320
320,H,321
320,h,321
321,T,322
321,t,322
322,E,323
322,e,323
323,G,324
323,g,324
324,L,325
324,l,325
325,O,326
325,o,326
326, ,29
322,O,327
322,o,327
327, ,30
315,y,512
315,Y,512
512,u,513
512,U,513
513,w,514
513,W,514
514,e,515
514,E,515
515, ,31
210,M,330
210,m,330
330,A,331
330,a,331
331, ,35
331,T,332
331,t,332
332,S,333
332,s,333
333,I,334
333,i,334
334,I,335
334,i,335
335, ,36
330,E,336
330,e,336
336,I,337
336,i,337
337, ,37
210,N,340
210,n,340
340,A,341
340,a,341
341,L,342
341,l,342
342,A,343
342,a,343
343, ,38
210,R,345
210,r,345
345,A,346
345,a,346
346,J,347
346,j,347
347,U,348
347,u,348
348, ,39
210,S,350
210,s,350
350,E,351
350,e,351
351,R,352
351,r,352
352,T,353
352,t,353
353,S,354
353,s,354
354,O,355
354,o,355
355, ,40
350,I,356
350,i,356
356,B,357
356,b,357
357,O,358
357,o,358
358, ,41
356,K,359
356,k,359
359,A,360
359,a,360
360, ,42
359,E,361
359,e,361
361, ,43
356,W,362
356,w,362
362,w,363
362,w,363
363, ,44
350,K,364
350,k,364
364,A,365
364,a,365
365, ,45
364,U,366
364,u,366
364,O,366
364,o,366
364, ,46
210,T,370
210,t,370
370,A,371
370,a,371
371,I,372
371,i,372
372, ,47
371,N,373
371,n,373
373,A,374
373,a,374
374, ,48
371,R,375
371,r,375
375,A,376
375,a,376
371, ,49
370,O,377
370,o,377
377,K,378
377,k,378
378,E,379
378,e,379
379,:,50
370,S,380
370,s,380
380,A,381
380,a,381
381,K,382
381,k,382
382,A,383
382,a,383
383, ,51
370,T,384
370,t,384
384,E,385
384,e,385
385, ,52
210,W,388
210,w,388
388,A,389
388,a,389
389, ,53
389,K,390
389,k,390
390,A,391
390,a,391
391, ,54
388,I,392
388,i,392
392, ,55
388,O,393
388,o,393
393, ,56
393,R,394
393,r,394
394,K,395
394,k,395
395,E,396
395,e,396
396, ,57
210,Y,399
210,Y,399
399,E,400
399,e,400
400, ,58
399,I,401
399,i,401
401,G,402
401,g,402
402,A,403
402,a,403
403, ,59
210,',505
505,a,506
505,A,506
505,b,506
505,B,506
505,c,506
505,C,506
505,d,506
505,D,506
505,e,506
505,E,506
505,f,506
505,F,506
505,g,506
505,G,506
505,h,506
505,H,506
505,i,506
505,I,506
505,j,506
505,J,506
505,k,506
505,K,506
505,l,506
505,L,506
505,m,506
505,M,506
505,ñ,506
505,Ñ,506
505,o,506
505,O,506
505,p,506
505,P,506
505,q,506
505,Q,506
505,r,506
505,R,506
505,s,506
505,S,506
505,t,506
505,T,506
505,u,506
505,U,506
505,v,506
505,V,506
505,w,506
505,W,506
505,x,506
505,X,506
505,y,506
505,Y,506
505,z,506
505,Z,506
505,\,507
507,0,508
507,1,508
507,2,508
507,3,508
507,4,508
507,5,508
507,6,508
507,7,508
508,0,509
508,1,509
508,2,509
508,3,509
508,4,509
508,5,509
508,6,509
508,7,509
509,0,506
509,1,506
509,2,506
509,3,506
509,4,506
509,5,506
509,6,506
509,7,506
506,',32
210,-,210
210,0,210
210,1,210
210,2,210
210,3,210
210,4,210
210,5,210
210,6,210
210,7,210
210,8,210
210,9,210
210,:,33
210,",524
524, ,524
524,!,524
524,#,524
524,$,524
524,%,524
524,&,524
524,',524
524,(,524
524,),524
524,*,524
524,+,524
524,-,524
524,.,524
524,/,524
524,0,524
524,1,524
524,2,524
524,3,524
524,4,524
524,5,524
524,6,524
524,7,524
524,8,524
524,9,524
524,:,524
524,;,524
524,<,524
524,=,524
524,>,524
524,?,524
524,@,524
524,A,524
524,B,524
524,a,524
210,+,406
406,+,407
407, ,61
406, ,81
406,=,408
408, ,69
210,-,411
411,-,412
412, ,62
411, ,82